((("auto-complete-mode" .
   [0 0 0 0 0 0 0 1 0 0 0 0 0 0 0 0 0 0])
  ("laufen" .
   [2 0 0 0 0 0])
  (":background" .
   [0 0 0 0 0 0 0 0 0 1 0])
  ("ausführen" .
   [1 0 0 0 0 0 0 0 0])
  ("utf-8" .
   [1 0 0 0 0])
  ("test" .
   [1 0 0 0])
  ("run-currentfile" .
   [0 0 0 1 0 0 0 0 0 0 0 0 0 0 0])
  ("kbd" .
   [1 0 0])
  ("send" .
   [0 0 1 0])
  ("melpa" .
   [1 0 0 0 0])
  ("**" .
   [2 0])
  ("***" .
   [6 0 0])
  ("asd" .
   [1 0 0])
  ("require" .
   [0 0 0 0 1 0 0])
  ("Bookmarks" .
   [1 0 0 0 0 0 0 0 0])
  ("und" .
   [1 0 0])
  ("wechseln" .
   [1 0 0 0 0 0 0 0])
  ("heading" .
   [1 0 0 0 0 0 0])
  ("auto-complete-" .
   [0 0 0 0 0 0 0 0 0 0 0 0 0 1])))
